101,                Slime,   5,    2,   0,  1,    3
201,            BIG-Slime,   7,    3,   1,  1,    5
301, SUPER-Dlicious-Slime,   7,   77,  99,  1, 7777
102,                  Dog,   6,    2,   0,  1,    4
202,              Mad-Dog,  26,   12,   2,  1,   28
302,             Cerberus,  80,   40,   8,  2,  500
103,                Druid,  23,   10,   2,  1,   25
203,             Magician,  40,   19,   6,  1,   60
303,          Illusionist,  99,   33,  11,  1,  666
104,               Archer,  20,    9,   2,  1,   20
204,               Sniper,  25,   13,   7,  1,   30
304,             Assassin,  80,   33,  15,  1,  700
105,                  F-X,  20,   10,   3,  1,   25  
205,                 F-XX,  35,   13,   4,  2,   60
305,                F-XXX,  90,   39,   8,  3, 1500
106,               Dragon,  60,   20,   9,  1, 120
206,           Dragon-Mk2, 120,   51,  14,  1, 1200
306,        Golden-Dragon, 300,  100,  20,  1, 9999    
